linznumbid=9600001	linzid=3061277	Atarau Rd	-42.27203,171.68394
linznumbid=9600002	linzid=3061277	Atarau Rd	-42.31644,171.53498
linznumbid=9600003	linzid=3071437	~[0x04]6	-41.85699,171.95640
linznumbid=9600004	linzid=3071437	~[0x04]6	-41.83017,172.00008